const short daymode_map0[100][100] = {
{ -881, 0, 3861, 3861, 3861, 3861, 3861, 3861, 3861, 3861, 3861, 3861, 3861, 3861, 3861, 3861, 
3861, 3861, 3861, 3861, 3861, 3861, 3861, 3861, 3861, 3861, 3861, 3861, 3861, 3861, 3861, 3861, 
3861, 3861, 3861, 3861, 3861, 3861, 3861, 3861, 3861, 3861, 3861, 3861, 3861, 3861, 3861, 3861, 
3861, 3861, 3861, 3861, 3861, 3861, 3861, 3861, 3861, 3861, 3861, 3861, 3861, 3861, 3861, 3861, 
3861, 3861, 3861, 3861, 3861, 3861, 3861, 3861, 3861, 3861, 3861, 3861, 3861, 3861, 3861, 3861, 
3861, 3861, 3861, 3861, 3861, 3861, 3861, 3861, 3861, 3861, 3861, 3861, 3861, 3861, 3861, 3861, 
3861, 3861, 3861, 3861 },
{ 3861, 3861, 3861, 3861, 3861, 3861, 3861, 3861, 3861, 3861, 3861, 3861, 3861, 3861, 3861, 3861, 
3861, 3861, 3861, 3861, 3861, 3861, 3861, 3861, 3861, 3861, 3861, 3861, 3861, 3861, 3861, 3861, 
3861, 3861, 3861, 3861, 3861, 3861, 3861, 3861, 3861, 3861, 3861, 3861, 3861, 3861, 3861, 3861, 
3861, 3861, 3861, 3861, 3861, 3861, 3861, 3861, 3861, 3861, 3861, 3861, 3861, 3861, 3861, 3861, 
3861, 3861, 3861, 3861, 3861, 3861, 3861, 3861, 3861, 3861, 3861, 3861, 3861, 3861, 3861, 3861, 
3861, 3861, 3861, 3861, 3861, 3861, 3861, 3861, 3861, 3861, 3861, 3861, 3861, 3861, 3861, 3861, 
3861, 3861, 3861, 3861 },
{ 0, 0, 0, 0, -5, 0, -1800, 0, 0, 3861, -757, -243, -2047, 0, 0, 3861, 
0, 0, -5, -1, 0, 0, 0, -1921, -974, 0, 0, 0, -1957, 0, -1833, 0, 
1, 3861, 0, 3861, 0, 3861, 0, 3861, 0, 3861, 0, 3861, 0, 3861, 0, 3861, 
0, 3861, 0, 3861, 3861, 0, 0, 0, 0, -1, 0, 0, 0, 3861, 0, 0, 
0, 1, -1, 0, 0, 3861, 1, 0, 0, 1, 0, 0, 0, 3861, 0, 0, 
0, 0, 0, 0, 0, 3861, 0, 0, 0, 1, 0, 0, 0, 3861, 0, 0, 
0, 0, 0, 0 },
{ 0, 3861, 0, 0, 0, 1, 0, 0, 0, 3861, 0, 0, 0, 1, 0, 0, 
0, 3861, 0, 0, 0, 0, 0, 0, 0, 3861, 0, 0, 0, 1, 0, 0, 
0, 3861, 0, 0, 0, 1, -1, 0, 0, 3861, 0, 0, 0, 1, -1, 0, 
0, 3861, 0, 0, 0, 0, 0, -1921, 0, 3861, 0, 3861, 0, 3861, 0, 3861, 
0, 3861, 0, 3861, 0, 3861, 0, 3861, 0, 3861, 0, 3861, 0, 3861, 0, 3861, 
0, 3861, 0, 3861, 0, 3861, 0, 3861, 0, 3861, 0, 3861, 0, 3861, 0, 3861, 
0, 3861, 0, 3861 },
{ 0, 3861, 0, 3861, 0, 3861, 0, 3861, 0, 3861, 0, 3861, 0, 3861, 0, 3861, 
0, 3861, 0, 3861, 0, 3861, 0, 3861, 0, 3861, 0, 3861, 0, 3861, 0, 3861, 
0, 3861, 0, 3861, 0, 3861, 0, 3861, 0, 3861, 0, 3861, 0, 3861, 0, 3861, 
0, 3861, 0, 3861, 0, 3861, 0, 3861, 0, 3861, 0, 3861, 3861, 3861, 3861, 3861, 
3861, 3861, 3861, 3861, 3861, 3861, 3861, 3861, 3861, 3861, 3861, 3861, 3861, 3861, 3861, 3861, 
3861, 3861, 3861, 3861, 0, 0, 0, -1921, -1326, -164, 0, 0, -1398, -1638, 0, -367, 
1, 1, 0, 0 },
{ 0, 3861, 0, 0, 0, 0, 0, 0, 0, 3861, 0, 0, 0, 0, 0, 0, 
0, 3861, 0, 0, 0, 0, 0, 0, 0, 3861, 0, 0, 0, 0, 0, 0, 
0, 3861, 0, 0, 0, 1, 0, 0, 0, 3861, 0, 0, 0, 0, 0, 0, 
0, 3861, 0, 0, 0, 0, 0, 0, 0, 3861, 0, 0, 0, 0, 0, 0, 
0, 3861, 0, 0, 0, 0, 0, 0, 0, 3861, 0, 0, 0, 1, 0, 0, 
0, 3861, 0, 0, 0, 0, 0, 0, 0, 3861, 0, 0, 0, 1, -1, 0, 
0, 3861, 0, 0 },
{ 0, 0, 0, 0, 0, 3861, 0, 0, 0, 0, -1, 0, 0, 3861, 0, 0, 
0, 0, 0, -1921, -974, 0, 0, 0, -1957, 0, -1833, 0, -974, 0, 0, 0, 
-1957, 0, -1833, 0, -974, 0, 0, 0, -1957, 0, -1833, 0, -974, 0, 0, 0, 
-1957, 0, -1833, 0, -974, 0, 0, 0, -1957, 0, -1833, 0, -974, 0, 0, 0, 
-1957, 0, -1833, 0, -974, 0, 0, 0, -1957, 0, -1833, 0, -974, 0, 0, 0, 
-1957, 0, -1833, 0, -974, 0, 0, 0, -1957, 0, -1833, 0, -974, 0, 0, 0, 
-1957, 0, -1833, 0 },
{ -974, 0, 0, 0, -1957, 0, -1833, 0, -974, 0, 0, 0, -1957, 0, -1833, 0, 
-974, 0, 0, 0, -1957, 0, -1833, 0, 0, 3861, 0, 0, 0, 0, 0, 0, 
0, 3861, 0, 0, 0, 0, 3861, -1, 1, 0, -1, 3861, 0, 0, 3861, 1, 
0, 0, 0, -1921, -974, 0, 0, 0, -1957, 0, -1833, 0, 1, 0, 0, 0, 
3861, -1, 0, 0, 0, 3861, -2016, 0, 0, 1, -1, 0, 0, 3861, -2016, 0, 
0, 1, -1, 0, 0, 3861, -2016, 0, 0, 1, -1, 0, 0, 3861, -2016, 0, 
3861, 0, 0, 0 },
{ 0, 3861, -2016, 0, 0, 0, 0, 0, 0, 3861, -2016, 0, 0, 0, 0, 0, 
0, 3861, 0, 0, 0, 1, -1, 0, 0, 3861, 0, 0, 0, 0, 0, 0, 
0, 0, 0, 3861, 0, 0, 0, 0, 3861, -1, 0, 0, 0, 3861, 0, 0, 
0, 1, 0, 0, 0, 3861, 0, 0, 0, 1, 0, 0, 0, 3861, 0, 0, 
3861, 0, 0, 0, 0, 3861, 0, 0, 0, 1, 0, 0, 0, 3861, 0, 0, 
0, 0, 0, -1921, 0, 3861, 0, 3861, 0, 3861, 0, 3861, 0, 3861, 0, 3861, 
0, 3861, 0, 3861 },
{ 0, 3861, 0, 3861, 0, 3861, 0, 3861, 0, 3861, 0, 3861, 0, 3861, 0, 3861, 
0, 3861, 0, 3861, 0, 3861, 0, 3861, 0, 3861, 0, 3861, 0, 3861, 0, 3861, 
0, 3861, 0, 3861, 0, 3861, 0, 3861, 0, 3861, 0, 3861, 0, 3861, 0, 3861, 
0, 3861, 0, 3861, 0, 3861, 0, 3861, 0, 3861, 0, 3861, 0, 3861, 0, 3861, 
0, 3861, 0, 3861, 0, 3861, 0, 3861, 0, 3861, 0, 3861, 0, 3861, 0, 3861, 
0, 3861, 0, 3861, 0, 3861, 0, 3861, 3861, 3861, 3861, 3861, 3861, 3861, 3861, 3861, 
3861, 3861, 3861, 3861 },
{ 3861, 3861, 3861, 3861, 3861, 3861, 3861, 3861, 3861, 3861, 3861, 3861, 0, 0, 0, -2049, 
-974, 0, 0, 0, -1957, 0, -1833, 0, 1, 0, 0, 0, -1957, 0, 0, 0, 
-974, 0, 0, 0, 0, 0, -1833, 0, -974, 0, 0, 0, -1957, 0, -1833, 0, 
0, 0, 0, 0, -1957, 0, 0, 0, -974, 0, 0, 0, 0, 0, -1833, 0, 
-974, 0, 0, 0, -1957, 0, -1833, 0, 0, 0, 0, 0, -1957, 0, 0, 0, 
-974, 0, 0, 0, 0, 0, -1833, 0, -974, 0, 0, 0, -1957, 0, -1833, 0, 
0, 0, 0, 0 },
{ -1957, 0, 0, 0, -974, 0, 0, 0, 0, 0, -1833, 0, -974, 0, 0, 0, 
-1957, 0, -1833, 0, 0, 0, 0, 0, -1957, 0, 0, 0, -974, 0, 0, 0, 
0, 0, -1833, 0, -974, 0, -1, 0, -1957, 0, -1833, 0, 0, 0, 0, -1921, 
-974, 0, 0, 0, -1957, 0, -1833, 0, 1, 0, 0, 3861, 0, 0, 0, 0, 
0, 0, 0, 3861, 0, 0, 0, 1, -1, 0, 0, 3861, 0, 0, 0, 1, 
0, 0, 0, 3861, 0, 0, 0, 0, 0, 0, 0, 3861, 0, 0, 0, 0, 
0, 0, 0, 3861 },
{ 0, 0, 0, 0, 0, 0, 0, 3861, 0, 0, 0, 1, 0, 0, 0, 3861, 
0, 0, 0, 0, 0, 0, 0, 3861, 0, 0, 0, 1, 0, 0, 0, 3861, 
0, 0, 0, 0, 0, 0, 0, 3861, 0, 0, 0, 1, 0, 0, 0, 3861, 
0, 0, 0, 1, 0, 0, 0, 3861, 0, 0, 0, 1, 0, 0, 0, 3861, 
0, 0, 0, 0, 0, 0, -1, 3861, 0, 0, 0, 1, 0, 0, 0, -1921, 
0, 0, 0, 0, 3861, 0, -1833, 0, 1, 0, 0, 0, -1957, 0, 0, 0, 
-974, 0, 0, 0 },
{ 0, 0, -1833, 0, -974, 0, 0, 0, -1957, 0, -1833, 0, 0, 0, 0, 0, 
-1957, 0, 0, 0, -974, 0, 0, 0, 0, 0, -1833, 0, -974, 0, 0, 0, 
-1957, 0, -1833, 0, 0, 0, 0, 0, -1957, 0, 0, 0, -974, 0, 0, 0, 
0, 0, -1833, 0, -974, 0, 0, 0, -1957, 0, -1833, 0, 0, 0, 0, 0, 
-1957, 0, 0, 0, -974, 0, 0, 0, 0, 0, -1833, 0, -974, 0, 0, 0, 
-1957, 0, -1833, 0, 0, 0, 0, 0, -1957, 0, 0, 0, -974, 0, 0, 0, 
0, 0, -1833, 0 },
{ -974, 0, -1, 0, -1957, 0, -1833, 0, 0, 0, 0, -1921, -974, 0, 0, 0, 
-1957, 0, -1833, 0, 1, 0, 0, 3861, 0, 0, 0, 1, 0, 0, 0, 3861, 
0, 0, 0, 0, 0, 0, 0, 3861, 0, 3861, 0, 0, 0, 0, 0, 0, 
0, 3861, 0, 0, 0, 0, 0, 0, 0, 3861, 0, 0, 0, 0, 0, -1, 
0, 0, 0, 3861, 0, 0, 3861, 1, -1, 0, 0, 3861, -2016, 0, 1, 1, 
0, 0, 0, 3861, 0, 0, 0, 1, 0, 0, 0, 3861, 0, 0, 0, 0, 
0, 0, 0, 3861 },
{ 0, 0, 0, 0, 0, -1, 0, 0, 0, 3861, 0, 0, 3861, 1, -1, 0, 
0, 3861, -2016, 0, 1, 1, 0, 0, 0, 3861, -2016, 0, 0, 1, 0, 0, 
0, 3861, -1, 0, 0, 1, 0, 0, 0, 0, 0, -1921, 0, 0, 0, 0, 
3861, 0, 0, 0, 1, 0, 3861, -1, 0, 0, 0, 3861, -2016, 0, 3861, 1, 
0, 0, 0, 3861, -2016, 0, 0, 1, 0, 0, 0, 3861, 0, 0, 0, 1, 
-1, 0, 0, 3861, 0, 0, 0, 0, 0, 0, 0, 3861, 0, 0, 0, 0, 
3861, -1, 0, 0 },
{ 0, 3861, -2016, 0, 0, 1, 0, 0, 0, 3861, -2016, 0, 0, 1, -1, 0, 
0, 3861, 0, 0, 0, 1, -1, 0, 0, 3861, -2016, 0, 0, 1, 0, 0, 
0, 3861, -2016, 0, 0, 0, 0, 0, 0, 3861, 0, 0, 0, 0, 0, 0, 
0, 3861, 0, 0, 0, 1, 0, 0, 0, 3861, 0, 0, 0, 1, -1, 0, 
0, 3861, -1, 0, 0, 1, 0, 0, 0, 0, 0, -1921, -974, 0, 0, 0, 
-1957, 0, -1833, 0, 1, 0, 0, 0, 0, 3861, 0, 0, 0, 0, 0, 0, 
0, 3861, 0, 0 },
{ 0, 1, 0, 0, 0, 3861, 0, 0, 0, 0, 0, 0, 0, 0, 0, 3861, 
0, 0, 0, 0, 0, 0, 0, 3861, 0, 0, 0, 0, 3861, -1, 0, 0, 
0, 3861, -2016, 0, 0, 1, 0, 0, 0, 3861, -2016, 0, 0, 1, -1, 0, 
0, 3861, 0, 0, 0, 1, -1, 0, 0, 3861, -2016, 0, 0, 1, 0, 0, 
0, 3861, -2016, 0, 0, 0, 0, 0, 0, 3861, 0, 0, 0, 0, 0, 0, 
0, 3861, 0, 0, 0, 1, 0, 0, 0, 3861, 0, 0, 0, 0, 0, 0, 
0, 0, -1, 3861 },
{ 0, 0, 0, 0, 0, 0, 0, -1921, -974, 0, 0, 0, -1957, 0, -1833, 0, 
-974, 0, 0, 0, -1957, 0, -1833, 0, -974, 0, 0, 0, -1957, 0, -1833, 0, 
0, 3861, 0, 0, 0, 1, -1, 0, 0, 3861, -2016, 0, 0, 1, 0, 0, 
0, 3861, -2016, 0, 0, 0, 0, 0, 0, 3861, 0, 0, 0, 1, 0, 0, 
0, 3861, 0, 0, 0, 1, 0, 0, 0, 3861, 0, 0, 0, 1, -1, 0, 
0, 3861, 0, 0, 0, 0, 0, 0, 0, 3861, 0, 0, 0, 0, 0, 0, 
0, 3861, 0, 0 },
{ 0, 0, 0, 0, 0, 3861, 0, 0, 0, 1, 0, 0, 0, 3861, 0, 0, 
0, 0, 0, 0, 0, 3861, 0, 3861, 0, 0, 0, 0, 0, 0, -1, 3861, 
0, 0, 0, 0, 0, 0, 0, -1921, -974, 0, 0, 0, -1957, 0, -1833, 0, 
-974, 0, 0, 0, -1957, 0, -1833, 0, -974, 0, 0, 0, -1957, 0, -1833, 0, 
-974, 0, 0, 0, -1957, 0, -1833, 0, -974, 0, 0, 0, -1957, 0, -1833, 0, 
-974, 0, 0, 0, -1957, 0, -1833, 0, -974, 0, 0, 0, -1957, 0, -1833, 0, 
-974, 0, 0, 0 },
{ -1957, 0, -1833, 0, -974, 0, 0, 0, -1957, 0, -1833, 0, 0, 0, 0, 3861, 
0, 0, 0, 0, 0, -1, 0, 0, 0, 3861, 0, 0, 3861, 0, 0, 0, 
0, 3861, 0, 0, 0, 0, 0, 0, 0, 3861, 0, 0, 0, 0, 0, 0, 
0, 3861, 0, 0, 0, 0, 0, 0, 0, 3861, 0, 0, 0, 0, -1, 0, 
0, 3861, 0, 0, 0, 0, 0, -1921, -974, 0, 0, 0, -1957, 0, -1833, 0, 
-974, 0, 0, 0, -1957, 0, -1833, 0, -974, 0, 0, 0, -1957, 0, -1833, 0, 
-974, 0, 0, 0 },
{ -1957, 0, -1833, 0, -974, 0, 0, 0, -1957, 0, -1833, 0, -974, 0, 0, 0, 
-1957, 0, -1833, 0, -974, 0, 0, 0, -1957, 0, -1833, 0, -974, 0, 0, 0, 
-1957, 0, -1833, 0, -974, 0, 0, 0, -1957, 0, -1833, 0, -974, 0, 0, 0, 
-1957, 0, -1833, 0, -974, 0, 0, 0, -1957, 0, -1833, 0, -974, 0, 0, 0, 
-1957, 0, -1833, 0, -974, 0, 0, 0, -1957, 0, -1833, 0, 0, 0, 0, 1, 
0, 0, 0, 3861, 0, 0, 0, 1, 0, 0, 0, 3861, 0, 0, -1, 0, 
0, 0, 0, 3861 },
{ 0, 0, 0, 0, 3861, -1, 0, 0, 0, 3861, 0, 0, 3861, 0, -1, 0, 
0, 3861, 1, 0, 0, 0, 0, 0, 0, 3861, 0, 0, 0, 0, 0, 0, 
0, 3861, 0, 0, 0, 0, -1, 0, 0, 3861, 0, 0, 0, 0, 0, 0, 
0, 3861, 0, 0, 0, 0, 0, 0, 0, 0, -493, 0, 0, 3861, -757, -243, 
-1274, 0, 0, 3861, 0, 0, -65, -1, 0, 0, 0, -2049, 0, 3861, 0, 3861, 
0, 3861, 0, 3861, 0, 3861, 0, 3861, 0, 3861, 0, 3861, 0, 3861, 0, 3861, 
0, 3861, 0, 3861 },
{ 0, 3861, 0, 3861, 3861, 0, 0, 0, 3861, -1, 0, 0, 0, 3861, 0, 0, 
0, 1, -1, 0, 0, 3861, 1, 0, 0, 1, 0, 0, 0, 3861, 0, 0, 
3861, 0, 0, 0, 0, 3861, 0, 0, 0, 1, 0, 0, 0, 3861, 0, 0, 
0, 0, 0, 0, 0, 3861, 0, 0, 0, 1, 0, 0, 0, 3861, 0, 0, 
0, 1, 0, 0, 0, 3861, 0, 0, 0, 0, 0, 0, 0, 3861, 0, 0, 
0, 1, 0, 0, 0, 3861, 0, 0, 0, 1, -1, 0, 0, 3861, 0, 0, 
0, 1, 0, 0 },
{ 0, 3861, 0, 0, 0, 1, 0, 0, 0, 3861, 0, 0, 0, 0, 0, 0, 
0, 3861, 0, 0, 0, 0, 0, 0, 0, 3861, 0, 0, 0, 1, 0, 0, 
0, 3861, 0, 0, 0, 1, 0, 0, 0, 3861, 0, 0, 0, 1, 0, 0, 
0, 3861, 0, 0, 0, 1, 0, 0, 0, 3861, 0, 0, 0, 1, 0, 0, 
0, 3861, 0, 0, 0, 0, 0, -2049, 0, 3861, 0, 3861, 0, 3861, 0, 3861, 
0, 3861, 0, 3861, 0, 3861, 0, 3861, 0, 3861, 0, 3861, 0, 3861, 0, 3861, 
0, 3861, 0, 3861 },
{ 0, 3861, 0, 3861, 0, 3861, 0, 3861, 0, 3861, 0, 3861, 0, 3861, 0, 3861, 
0, 3861, 0, 3861, 0, 3861, 0, 3861, 0, 3861, 0, 3861, 0, 3861, 0, 3861, 
0, 3861, 0, 3861, 0, 3861, 0, 3861, 0, 3861, 0, 3861, 0, 3861, 0, 3861, 
0, 3861, 0, 3861, 0, 3861, 0, 3861, 0, 3861, 0, 3861, 0, 3861, 0, 3861, 
0, 3861, 0, 3861, 0, 3861, 0, 3861, 0, 3861, 0, 3861, 0, 3861, 0, 3861, 
0, 3861, 0, 3861, 0, 3861, 0, 3861, 0, 3861, 0, 3861, 0, 3861, 0, 3861, 
0, 3861, 0, 3861 },
{ 0, 3861, 0, 3861, 0, 3861, 0, 3861, 0, 3861, 0, 3861, 0, 3861, 0, 3861, 
0, 3861, 0, 3861, 0, 3861, 0, 3861, 0, 3861, 0, 3861, 0, 3861, 0, 3861, 
0, 3861, 0, 3861, 0, 3861, 0, 3861, 0, 3861, 0, 3861, 0, 3861, 0, 3861, 
0, 3861, 0, 3861, 0, 3861, 0, 3861, 0, 3861, 0, 3861, 0, 3861, 0, 3861, 
0, 0, 0, -2049, 0, 3861, 0, 3861, 0, 3861, 0, 3861, 0, 3861, 0, 3861, 
0, 3861, 0, 3861, 0, 3861, 0, 3861, 0, 3861, 0, 3861, 0, 3861, 0, 3861, 
0, 3861, 0, 3861 },
{ 0, 3861, 0, 3861, 0, 3861, 0, 3861, 0, 3861, 0, 3861, 0, 3861, 0, 3861, 
0, 3861, 0, 3861, 0, 3861, 0, 3861, 0, 3861, 0, 3861, 0, 3861, 0, 3861, 
0, 3861, 0, 3861, 0, 3861, 0, 3861, 0, 3861, 0, 3861, 0, 3861, 0, 3861, 
0, 3861, 0, 3861, 0, 3861, 0, 3861, 0, 3861, 0, 3861, 0, 3861, 0, 3861, 
0, 3861, 0, 3861, 0, 3861, 0, 3861, 0, 3861, 0, 3861, 0, 3861, 0, 3861, 
0, 3861, 0, 3861, 0, 3861, 0, 3861, 0, 3861, 0, 3861, 0, 3861, 0, 3861, 
0, 3861, 0, 3861 },
{ 0, 3861, 0, 3861, 0, 3861, 0, 3861, 0, 3861, 0, 3861, 0, 3861, 0, 3861, 
0, 3861, 0, 3861, 0, 3861, 0, 3861, 0, 3861, 0, 3861, 0, 3861, 0, 3861, 
0, 3861, 0, 3861, 0, 3861, 0, 3861, 0, 3861, 0, 3861, 0, 3861, 0, 3861, 
0, 3861, 0, 3861, 0, 3861, 0, 3861, 0, 3861, 0, 3861, 0, 0, 0, -2049, 
0, 0, 0, 0, 0, 3861, 0, 0, 0, 1, -1, 0, 0, 3861, 0, 0, 
0, 0, 0, 0, 0, 0, 0, 3861, 0, 0, 0, 0, 3861, -1, 0, 0, 
0, 3861, 0, 0 },
{ 0, 1, 0, 0, 0, 3861, 0, 0, 0, 1, 0, 0, 0, 3861, 0, 0, 
3861, 0, 0, 0, 0, 3861, 0, 0, 0, 1, 0, 0, 0, 3861, 0, 0, 
0, 1, 0, 0, 0, 3861, 0, 0, 0, 1, 0, 0, 0, 3861, 0, 0, 
0, 1, 0, 0, 0, 3861, 0, 0, 0, 0, 0, 0, 0, 3861, 0, 0, 
0, 0, 0, 0, 0, 3861, 0, 0, 0, 1, 0, 0, 0, 3861, 0, 0, 
0, 1, 0, 0, 0, 3861, 0, 0, 0, 1, 0, 0, 0, 3861, 0, 0, 
0, 0, 0, 0 },
{ 0, 3861, 0, 0, 0, 0, 0, 0, 0, 3861, 0, 0, 0, 1, 0, 0, 
0, 3861, 0, 0, 0, 0, 0, 0, 0, 3861, 0, 0, 0, 1, 0, 0, 
0, 3861, 0, 0, 0, 1, 0, 0, 0, 3861, 0, 0, 0, 1, 0, 0, 
0, 3861, 0, 0, 0, 0, 0, 0, 0, 0, 0, -2049, 0, 0, 3861, -1, 
0, 0, 0, 3861, -2016, 0, 0, 1, -1, 0, 0, 3861, -2016, 0, 0, 1, 
-1, 0, 0, 3861, -2016, 0, 0, 1, -1, 0, 0, 3861, -2016, 0, 3861, 0, 
0, 0, 0, 3861 },
{ 0, 0, 0, 1, -1, 0, 0, 3861, 0, 0, 0, 1, -1, 0, 0, 3861, 
0, 0, 0, 0, 0, 0, 0, 3861, 0, 0, 0, 0, 0, 0, 0, 3861, 
0, 0, 0, 0, 0, 0, 0, 3861, 0, 0, 0, 0, 0, 0, 0, 3861, 
0, 0, 0, 0, 0, 0, 0, 3861, 0, 0, 0, 0, 0, 0, 0, 3861, 
0, 0, 0, 0, 0, 0, 0, 3861, 0, 0, 0, 0, 0, 0, 0, 3861, 
0, 0, 0, 0, 0, 0, 0, 3861, 0, 0, 0, 0, 0, 0, 0, 3861, 
0, 0, 0, 0 },
{ 0, 0, 0, 3861, 0, 0, 0, 0, 0, 0, 0, 3861, 0, 0, 0, 0, 
0, 0, 0, 3861, 0, 0, 0, 1, -1, 0, 0, 3861, 0, 0, 0, 1, 
-1, 0, 0, 3861, 0, 0, 0, 0, 0, 0, 0, 3861, 0, 0, 0, 0, 
0, 0, 0, 3861, 0, 0, 0, -2049, 0, 0, 0, 3861, 0, 0, 0, 1, 
0, 0, 0, 3861, 0, 0, 0, 0, 0, 0, 0, 3861, 0, 0, 0, 1, 
-1, 0, 0, 3861, 0, 0, 0, 0, 0, 0, 0, 3861, 0, 0, 0, 1, 
0, 0, 0, 3861 },
{ 0, 0, 0, 1, -1, 0, 0, 3861, 0, 0, 0, 1, 0, 0, 0, 3861, 
0, 0, 0, 0, 0, 0, 0, 3861, 0, 0, 0, 1, 0, 0, 0, 3861, 
0, 0, 0, 0, 0, 0, 0, 3861, 0, 0, 0, 1, 0, 0, 0, 3861, 
0, 0, 0, 1, 0, 0, 0, 3861, 0, 0, 0, 1, 0, 0, 0, 3861, 
0, 0, 0, 0, 0, 0, 0, 3861, 0, 0, 0, 0, 0, 0, 0, 3861, 
0, 0, 0, 1, 0, 0, 0, 3861, 0, 0, 0, 1, -1, 0, 0, 3861, 
0, 0, 0, 0 },
{ 0, 0, 0, 3861, 0, 0, 0, 0, 0, 0, 0, 3861, 0, 0, 0, 0, 
0, 0, 0, 3861, 0, 0, 0, 1, 0, 0, 0, 3861, 0, 0, 0, 0, 
0, 0, 0, 3861, 0, 0, 0, 0, 0, 0, 0, 3861, 0, 0, 0, 0, 
0, 0, 0, -2049, 0, 0, 0, 0, 0, 0, 0, 3861, 0, 0, 0, 0, 
0, 0, 0, 3861, 0, 0, 0, 1, 0, 0, 0, 3861, 0, 0, 0, 1, 
0, 0, 0, 3861, 0, 0, 0, 0, 0, 0, 0, 3861, 0, 3861, 0, 0, 
0, 0, 0, 0 },
{ 0, 3861, 0, 0, 0, 0, 0, 0, 0, 3861, 0, 0, 0, 0, 3861, -1, 
0, 0, 0, 3861, -2016, 0, 3861, 1, -1, 0, 0, 3861, -2016, 0, 1, 1, 
0, 0, 0, 3861, 0, 0, 0, 1, 0, 0, 0, 3861, 0, 0, 0, 0, 
0, 0, 0, 3861, 0, 0, 0, 0, 3861, -1, 0, 0, 0, 3861, -2016, 0, 
3861, 1, -1, 0, 0, 3861, -2016, 0, 1, 1, 0, 0, 0, 3861, -2016, 0, 
0, 1, 0, 0, 0, 3861, 0, 0, 0, 1, 0, 0, 0, 3861, 0, 0, 
0, 0, 0, 0 },
{ 0, 3861, 0, 0, 0, 0, 3861, -1, 0, 0, 0, 3861, -2016, 0, 3861, 1, 
-1, 0, 0, 3861, -2016, 0, 1, 1, 0, 0, 0, 3861, 0, 0, 0, 1, 
-1, 0, 0, 3861, 0, 0, 0, 0, 0, 0, 0, 3861, 0, 0, 0, -2049, 
3861, -1, 0, 0, 0, 3861, -2016, 0, 0, 1, -1, 0, 0, 3861, -2016, 0, 
0, 1, -1, 0, 0, 3861, -2016, 0, 0, 1, -1, 0, 0, 3861, -2016, 0, 
0, 1, -1, 0, 0, 3861, -2016, 0, 3861, 0, 0, 0, 0, 3861, -2016, 0, 
0, 0, 0, 0 },
{ 0, 3861, 0, 0, 0, 1, -1, 0, 0, 3861, 0, 0, 0, 1, -1, 0, 
0, 3861, 0, 0, 0, 1, 0, 0, 0, 3861, 0, 0, 0, 0, 0, 0, 
0, 3861, 0, 0, 0, 0, 0, 0, 0, 3861, 0, 0, 0, 0, 0, 0, 
0, 3861, 0, 0, 0, 1, 0, 0, 0, 3861, 0, 0, 0, 0, 0, 0, 
0, 0, 0, 3861, 0, 0, 0, 0, 0, 0, 0, 3861, 0, 0, 0, 0, 
3861, -1, 0, 0, 0, 3861, -2016, 0, 0, 1, -1, 0, 0, 3861, -2016, 0, 
0, 1, -1, 0 },
{ 0, 3861, -2016, 0, 0, 1, -1, 0, 0, 3861, -2016, 0, 0, 1, -1, 0, 
0, 3861, -2016, 0, 3861, 0, 0, 0, 0, 3861, -2016, 0, 0, 0, 0, 0, 
0, 3861, 0, 0, 0, 1, -1, 0, 0, 0, 0, -2049, 3861, 3861, 1, 3861, 
0, 3861, 0, 3861, 0, 3861, 0, 3861, 0, 3861, 0, 3861, 0, 3861, 0, 3861, 
0, 3861, 0, 3861, 0, 3861, 0, 3861, 0, 3861, 0, 3861, 0, 3861, 0, 3861, 
0, 3861, 0, 3861, 0, 3861, 0, 3861, 0, 3861, 0, 3861, 0, 3861, 0, 3861, 
0, 3861, 0, 3861 },
{ 0, 3861, 0, 3861, 0, 3861, 0, 3861, 0, 3861, 0, 3861, 0, 3861, 0, 3861, 
0, 3861, 0, 3861, 0, 3861, 0, 3861, 0, 3861, 0, 3861, 0, 3861, 0, 3861, 
0, 3861, 0, 3861, 0, 3861, 0, 3861, 0, 3861, 0, 3861, 0, 3861, 0, 3861, 
0, 3861, 0, 3861, 0, 3861, 0, 3861, 0, 3861, 0, 3861, 0, 3861, 0, 3861, 
0, 3861, 0, 3861, 0, 3861, 0, 3861, 0, 3861, 0, 3861, 0, 3861, 0, 3861, 
0, 3861, 0, 3861, 0, 3861, 0, 3861, 0, 3861, 0, 3861, 0, 3861, 0, 3861, 
0, 3861, 0, 3861 },
{ 0, 3861, 0, 3861, 0, 3861, 0, 3861, 0, 3861, 0, 3861, 0, 3861, 0, 3861, 
0, 3861, 0, 3861, 0, 3861, 0, 3861, 0, 3861, 0, 3861, 0, 3861, 0, 3861, 
0, 3861, 0, 3861, 0, 0, 0, -2049, 3861, 3861, 1, 3861, 0, 3861, 0, 3861, 
0, 3861, 0, 3861, 0, 3861, 0, 3861, 0, 3861, 0, 3861, 0, 3861, 0, 3861, 
0, 3861, 0, 3861, 0, 3861, 0, 3861, 0, 3861, 0, 3861, 0, 3861, 0, 3861, 
0, 3861, 0, 3861, 0, 3861, 0, 3861, 0, 3861, 0, 3861, 0, 3861, 0, 3861, 
0, 3861, 0, 3861 },
{ 0, 3861, 0, 3861, 0, 3861, 0, 3861, 0, 3861, 0, 3861, 0, 3861, 0, 3861, 
0, 3861, 0, 3861, 0, 3861, 0, 3861, 0, 3861, 0, 3861, 0, 3861, 0, 3861, 
0, 3861, 0, 3861, 0, 3861, 0, 3861, 0, 3861, 0, 3861, 0, 3861, 0, 3861, 
0, 3861, 0, 3861, 0, 3861, 0, 3861, 0, 3861, 0, 3861, 0, 3861, 0, 3861, 
0, 3861, 0, 3861, 0, 3861, 0, 3861, 0, 3861, 0, 3861, 0, 3861, 0, 3861, 
0, 3861, 0, 3861, 0, 3861, 0, 3861, 0, 3861, 0, 3861, 0, 3861, 0, 3861, 
0, 3861, 0, 3861 },
{ 0, 3861, 0, 3861, 0, 3861, 0, 3861, 0, 3861, 0, 3861, 0, 3861, 0, 3861, 
0, 3861, 0, 3861, 0, 3861, 0, 3861, 0, 3861, 0, 3861, 0, 3861, 0, 3861, 
0, 0, 0, 3861, 0, 0, 0, 1, 0, 0, 0, 3861, 0, 0, 0, 0, 
0, 0, 0, 3861, 0, 0, 0, 0, 3861, -1, 0, 0, 0, 3861, 0, 0, 
3861, 0, -1, 0, 0, 3861, 1, 0, 0, 0, 0, 0, 0, 3861, 0, 0, 
0, 0, 0, 0, 0, 3861, 0, 0, 0, 0, -1, 0, 0, 3861, 0, 0, 
0, 0, 0, 0 },
{ 0, 3861, 0, 0, 0, 0, 0, 1, -346, 0, -1812, 0, 0, -1025, 0, 3861, 
0, 3861, 3861, 3861, 0, 3861, -1, 0, 3861, 0, 0, 3861, 3861, 3861, 3861, 3861, 
3861, 3861, 3861, 3861, -1, -1, 3861, 3861, 3861, 3861, 3861, 3861, 3861, 3861, 3861, 3861, 
3861, 3861, 3861, 3861, 3861, 3861, 3861, 3861, 3861, 3861, 3861, 3861, 3861, 3861, 3861, 3861, 
3861, 3861, 3861, 3861, 0, 3861, 0, 0, 3861, 0, 3861, 3861, 3861, 3861, 3861, 3861, 
3861, 3861, 3861, 3861, 3861, 3861, 3861, 3861, -653, 0, -1133, 0, 3861, 3861, 3861, 3861, 
3861, 3861, 3861, 3861 },
{ 3861, 3861, 3861, 3861, 3861, 3861, 3861, 3861, 0, 0, 0, 1, 0, 0, -1351, 0, 
0, 0, 0, 1, 0, 0, 0, 0, 0, 0, 0, 3861, 0, 0, 0, 0, 
0, 0, 0, 3861, 0, 0, 0, 0, 0, 0, 0, 3861, 0, 0, 0, 0, 
0, 0, 3861, 3861, 0, 0, 0, 0, 0, 0, -1, -1, -1, -1, 0, 3861, 
3861, 3861, 3861, 3861, -1, -1, 0, 0, 3861, 3861, 0, 0, 0, 3861, 3861, 3861, 
3861, 3861, 3861, 3861, 3861, 3861, 3861, 3861, -1630, 0, 0, 0, 3861, 3861, 3861, 3861, 
3861, 3861, 3861, 3861 },
{ 3861, 3861, 3861, 3861, 3861, 3861, 3861, 3861, 3861, 3861, 3861, 3861, 3861, 3861, 3861, 3861, 
3861, 3861, 3861, 3861, 3861, 3861, 3861, 3861, 3861, 3861, 3861, 3861, 3861, 3861, 3861, 3861, 
3861, 3861, 3861, 0, 3861, 3861, 3861, 3861, 0, 0, 0, 0, 3861, 3861, 3861, 3861, 
3861, 3861, 3861, 3861, 3861, 3861, 3861, 3861, -563, 0, -561, 0, -557, 0, -545, 0, 
-549, 0, -551, 0, -555, 0, -553, 0, -913, -553, 3861, 3861, 3861, 3861, 3861, 3861, 
0, 0, -1738, 0, 0, 0, 3861, 3861, 0, 3861, 0, 3861, 0, 3861, 0, 3861, 
0, 3861, 0, 3861 },
{ 0, 3861, 0, 3861, 0, 3861, 0, 3861, 0, 3861, 0, 3861, 0, 3861, 0, 3861, 
0, 3861, 0, 3861, 0, 3861, 0, 3861, 0, 3861, 0, 3861, 0, 3861, 0, 0, 
0, 0, -1049, 0, 0, 0, 0, 3861, 0, 3861, 0, 3861, 0, 3861, 0, 0, 
3861, 3861, 3861, 3861, 3861, 3861, 3861, 0, 0, 3861, 3861, 3861, 3861, 3861, 3861, 3861, 
0, 3861, 0, 0, -1, 0, -1219, 0, 3861, 0, -820, 0, -820, 0, -760, 0, 
0, 3861, 3861, 3861, 3861, 0, 0, 3861, 0, 3861, 0, 3861, 0, 3861, -934, 0, 
-1606, 0, -820, 0 },
{ 0, 3861, 3861, 3861, 0, 3861, 3861, 0, 3861, 3861, 3861, 3861, 0, 3861, 0, 3861, 
0, 3861, 0, 3861, 0, 3861, 0, 3861, 0, 3861, 0, 3861, 0, 3861, 0, 3861, 
0, 3861, 0, 3861, 0, 3861, 0, 3861, 0, 3861, 0, 3861, 0, 3861, 0, 0, 
0, 0, -1049, 0, 0, 0, 3861, 3861, 3861, 3861, 3861, 3861, 3861, 3861, 3861, 0, 
0, 3861, 3861, 3861, 3861, 3861, 3861, 3861, 0, 3861, 0, 1, -1, 0, -1219, 0, 
3861, 0, -820, 0, -820, 0, -760, 0, 0, 3861, 0, 3861, 3861, 0, 0, 3861, 
0, 3861, 0, 3861 },
{ 0, 3861, -934, 0, -1606, 0, -820, 0, 0, 3861, 3861, 3861, 0, 3861, 3861, 0, 
3861, 3861, 3861, 3861, 0, 3861, 1, 3861, 0, 0, 3861, 3861, 3861, 3861, -1, -1, 
0, -1064, -1400, -1161, 0, -1064, 3861, 3861, 3861, 3861, 3861, -1033, 3861, 3861, 3861, 3861, 
3861, 3861, 0, 0, 3861, 3861, 3861, 3861, 3861, 3861, 3861, 0, 3861, 3861, 3861, 3861, 
0, 0, 0, 0, 0, 3861, 0, 3861, 0, 3861, 0, 3861, 0, 3861, 0, 3861, 
0, 3861, 0, 3861, 0, 3861, 0, 3861, 0, 3861, 0, 3861, 0, 3861, 0, 3861, 
0, 3861, 0, 3861 },
{ 0, 3861, 0, 3861, 0, 3861, 0, 3861, 0, 3861, 0, 0, 0, 0, -1049, 0, 
0, 0, 0, 3861, 0, 3861, 0, 3861, 0, 3861, 0, 0, 3861, 3861, 3861, 3861, 
3861, 3861, 3861, 0, 0, 3861, 3861, 3861, 3861, 3861, 3861, 3861, 0, 3861, 0, 0, 
-1, 0, -1219, 0, 3861, 0, -820, 0, -820, 0, -760, 0, 0, 3861, 3861, 3861, 
3861, 0, 0, 3861, 0, 3861, 0, 3861, 0, 3861, -934, 0, -1606, 0, -820, 0, 
0, 3861, 3861, 3861, 0, 3861, 3861, 0, 3861, 3861, 0, 3861, 3861, 3861, 0, 3861, 
0, 3861, 0, 3861 },
{ 0, 3861, 0, 3861, 0, 3861, 0, 3861, 0, 3861, 0, 3861, 0, 3861, 0, 3861, 
0, 3861, 0, 3861, 0, 3861, 0, 3861, 0, 3861, 0, 0, 0, 0, -1049, 0, 
0, 0, 3861, 3861, 3861, 3861, 3861, 3861, 3861, 3861, 3861, 0, 0, 3861, 3861, 3861, 
3861, 3861, 3861, 3861, 0, 3861, 0, 1, -1, 0, -1219, 0, 3861, 0, -820, 0, 
3861, 0, -760, 0, 0, 3861, 0, 3861, 3861, 0, 0, 3861, 0, 3861, 0, 3861, 
0, 3861, -934, 0, -1606, 0, -820, 0, 0, 3861, 3861, 3861, 0, 3861, 3861, 0, 
3861, 3861, 0, 3861 },
{ 3861, 3861, 1, 3861, 0, 0, 0, 0, 0, 0, -1812, 0, 0, 3861, 0, 3861, 
0, 3861, 0, 3861, 0, 3861, -1, 0, 3861, 0, 0, 3861, 3861, 3861, 3861, 3861, 
3861, 3861, 3861, 3861, -1, -1, 3861, 3861, 3861, 3861, 3861, 3861, 3861, 3861, 3861, 3861, 
3861, 3861, 3861, 3861, 3861, 3861, 3861, 3861, 3861, 3861, 3861, 3861, 3861, 3861, 3861, 3861, 
3861, 3861, 3861, 3861, 0, 3861, 3861, 0, 3861, 3861, -608, 0, 3861, 3861, -989, 0, 
3861, 3861, 3861, 3861, 3861, 3861, 3861, 3861, -620, 0, 0, 0, 3861, 3861, 3861, 3861, 
0, 0, 3861, 3861 },
{ 3861, 3861, 3861, 3861, 3861, 3861, 3861, 3861, 0, 0, 0, 0, -226, 0, -1812, 0, 
0, 3861, -757, -243, -1417, 0, 0, 3861, 0, 0, -18, -1, 0, 0, 3861, -2049, 
0, 0, 0, 0, 3861, 3861, 0, 3861, 0, 0, 0, -1857, 0, 0, 0, 0, 
-642, 0, -643, 0, 0, 0, 0, -1921, 0, 0, 0, 0, 3861, 3861, 3861, 3861, 
0, 0, 0, -1921, 0, 0, -1453, 0, 0, 3861, 0, 3861, 0, 0, 0, -2049, 
-170, 0, 0, 0, 3861, 0, 0, 0, 0, 0, 0, -1921, 0, 0, -1451, 0, 
0, 3861, 0, 3861 },
{ 0, 0, 0, -1857, 0, 0, 0, 0, 0, 3861, 0, 3861, 0, 0, 0, -1921, 
0, 0, 0, 3861, 0, 3861, -583, 0, 0, 0, 0, -2049, 0, 0, 0, 0, 
3861, 3861, 0, 3861, 3861, 3861, 3861, 3861, 0, 0, 0, 1, -1321, 0, -1115, 0, 
-366, 0, 0, 0, 0, 0, 0, 0, 0, 0, 0, 3861, -605, 0, -1586, 0, 
0, -1663, -49, -1051, 0, 0, 0, 3861, 0, 3861, 0, 3861, 0, -242, -290, 0, 
0, 0, 0, 0, 0, 3861, 0, 0, 0, 3861, -1439, 0, 0, 3861, -1439, 0, 
0, 3861, -1016, 0 },
{ 0, 3861, 3861, 3861, -1434, 0, 0, 0, 0, 0, 0, 0, 0, 0, -2007, -895, 
-275, -1445, 0, 0, 3861, 3861, 3861, 3861, 0, 3861, 0, 3861, -1439, 0, 0, 3861, 
3861, 3861, 3861, 3861, 3861, 3861, 3861, 3861, -1017, 0, 0, 3861, -1018, 0, 0, 3861, 
-1681, 0, 1, 3861, 0, 3861, 0, 3861, 0, 3861, 0, 3861, 0, 3861, 3861, 3861, 
0, 3861, 0, 0, 0, 0, 0, 0, 0, 0, 0, 3861, -51, -927, 0, 0, 
-646, 0, -326, -20, 0, 0, 0, 3861, 0, 3861, 0, 3861, 0, -242, -290, 0, 
0, 0, 0, 0 },
{ 0, 3861, 0, 0, 0, 3861, -1439, 0, 0, 3861, -1439, 0, 0, 3861, -1019, 0, 
0, 3861, 3861, 3861, -1434, 0, 0, 0, 0, 0, 0, -1478, 0, 0, -1623, -1457, 
0, 0, 0, 0, 3861, 3861, 3861, 3861, 0, 3861, 0, 3861, -1439, 0, 0, 3861, 
3861, 3861, 3861, 3861, 3861, 3861, 3861, 3861, -1022, 0, 0, 3861, -1024, 0, 0, 3861, 
-1684, 0, 0, 3861, 0, 3861, 3861, 3861, 0, 3861, 0, 3861, 0, 3861, 3861, 3861, 
0, 3861, -743, 0, 0, 0, 0, 0, 0, 0, 0, 3861, 0, 0, -1919, 0, 
-248, 0, -15, 0 },
{ 0, 0, 0, 3861, 0, 3861, 0, 3861, 0, -242, -290, 0, 0, 0, 0, 0, 
0, 3861, 0, 0, 0, 3861, -1439, 0, 0, 3861, -1439, 0, 0, 3861, -1025, 0, 
0, 3861, 3861, 3861, -1434, 0, 0, 0, 0, 0, -203, 0, 0, 0, 0, -570, 
-227, 0, 0, 0, 3861, 3861, 3861, 3861, 0, 3861, 0, 3861, -1439, 0, 0, 3861, 
3861, 3861, 3861, 3861, 3861, 3861, 3861, 3861, -1025, 0, 0, 3861, -1026, 0, 0, 3861, 
-1686, 0, 0, 3861, 0, 3861, 3861, 3861, 0, 3861, 0, 3861, 0, 3861, 3861, 3861, 
0, 3861, 0, 0 },
{ 0, 0, 0, 1, 0, 0, 0, 0, 0, 0, 0, 0, -1, -1, 0, 0, 
3861, 3861, 3861, 3861, 3861, 3861, 3861, 3861, 3861, 3861, 3861, 3861, 0, -4, 0, 3861, 
0, -242, -290, 0, 0, 0, 0, 0, 3861, 3861, 3861, 3861, 3861, 3861, 3861, 3861, 
0, 3861, 3861, 3861, -1256, 3861, 0, 1, 0, 0, 0, 0, 0, 0, 0, 0, 
0, 3861, 3861, 3861, 3861, 3861, 3861, 3861, 3861, 3861, 3861, 3861, 3861, 3861, 3861, 3861, 
3861, 3861, 3861, 3861, 3861, 3861, 3861, 3861, 3861, 3861, 3861, 3861, 3861, 3861, 3861, 3861, 
3861, 3861, 3861, 3861 },
{ 3861, 3861, 3861, 3861, 3861, 3861, 3861, 3861, 0, 0, 3861, 3861, 3861, 3861, 3861, 3861, 
0, 0, 3861, 3861, 3861, 3861, 3861, 3861, 0, 0, 3861, 3861, 3861, 3861, 3861, 3861, 
0, 0, 3861, 3861, 3861, 3861, 3861, 3861, 0, 0, 3861, 3861, 3861, 3861, 3861, 3861, 
0, 3861, 0, 3861, 3861, 3861, 3861, 3861, 3861, 3861, 0, 0, 3861, 3861, 3861, 3861, 
0, 0, 0, 0, 0, 0, 0, 0, 0, 0, 0, 1, 0, 0, -1214, 0, 
0, 3861, 3861, 3861, 3861, 3861, -1, 3861, 3861, 3861, 3861, 3861, 0, 0, 0, 0, 
0, 0, 0, 0 },
{ 0, 0, 0, 0, 0, 0, 0, 0, 0, 0, 0, 0, 0, 0, 0, 0, 
0, 0, 0, 0, 0, 0, 0, 0, 3861, 3861, 3861, 3861, 3861, 3861, 3861, 3861, 
3861, 3861, 3861, 3861, 3861, 3861, 3861, 3861, 3861, 3861, 3861, 3861, 3861, 3861, 3861, 3861, 
3861, 3861, 3861, 3861, 3861, 3861, 3861, 3861, 3861, 3861, 3861, 3861, 0, 0, 0, 0, 
0, 0, -1243, 0, 0, 3861, 0, 3861, 0, 3861, 0, 3861, 0, 3861, -1, 0, 
3861, 0, 0, 3861, 3861, 3861, 3861, 3861, 3861, 3861, 3861, 3861, -1, -1, 3861, 3861, 
3861, 3861, 3861, 3861 },
{ 3861, 3861, 3861, 3861, 3861, 3861, 0, 3861, 0, 3861, 0, 3861, 0, 3861, 0, 3861, 
0, 3861, 0, 3861, 0, 3861, 3861, 3861, 0, 3861, 3861, 0, 3861, 3861, 0, 0, 
3861, 3861, -983, 0, 3861, 3861, 3861, 3861, 3861, 3861, 3861, 3861, 0, 0, -1182, 0, 
3861, 3861, 3861, 3861, 0, 0, 3861, 3861, 3861, 3861, 3861, 3861, 3861, 3861, 3861, 3861, 
0, 0, 0, 0, 0, 0, 0, 0, 0, 0, 3861, 3861, 3861, 3861, 3861, 3861, 
3861, 3861, 0, 0, 3861, 3861, 3861, 3861, 0, 3861, 0, 3861, 3861, 3861, 0, 3861, 
3861, 3861, 3861, 3861 },
{ 0, 0, 0, 1, 0, 0, 0, 0, 3861, 3861, 3861, 3861, 0, 3861, 3861, 3861, 
3861, 3861, 0, 3861, 3861, 3861, 3861, 3861, 0, 3861, 3861, 3861, 3861, 0, 0, 3861, 
3861, 3861, 3861, 3861, 0, 3861, 3861, 3861, 3861, 3861, 0, 3861, 3861, 3861, 3861, 3861, 
0, 3861, 3861, 3861, 3861, 3861, 0, 3861, 3861, 3861, 3861, 3861, 0, 3861, 3861, 3861, 
3861, 3861, 0, 3861, 3861, 3861, 3861, 3861, 0, 3861, 3861, 3861, 3861, 3861, 0, 0, 
3861, 3861, 0, 3861, 0, 0, 0, 0, 0, 0, -1542, 0, 0, 3861, 3861, 3861, 
3861, 3861, 0, 3861 },
{ 0, 3861, 0, 3861, 0, 3861, -275, 0, 0, 3861, 0, 3861, 0, 3861, 0, 3861, 
0, 3861, 3861, 3861, 0, 3861, 3861, 3861, 1, 3861, 0, 3861, 3861, 3861, 3861, 3861, 
3861, 3861, 3861, 3861, 3861, 3861, 3861, 3861, 3861, 3861, 3861, 3861, 3861, 3861, 3861, 3861, 
3861, 3861, 3861, 3861, 3861, 3861, 3861, 3861, 3861, 3861, 3861, 3861, 3861, 3861, 3861, 3861, 
3861, 3861, 3861, 3861, 3861, 3861, 3861, 3861, 3861, 3861, 3861, 3861, 3861, 3861, 3861, 3861, 
3861, 3861, 3861, 3861, 3861, 3861, 3861, -2049, -1, 0, 0, 0, 0, 3861, 0, 3861, 
0, 3861, 0, 3861 },
{ 0, 3861, 3861, 3861, 0, 3861, 3861, 3861, 1, 3861, 0, 3861, 3861, 3861, 3861, 3861, 
3861, 3861, 3861, 3861, 3861, 3861, 3861, 3861, 3861, 3861, 3861, 3861, 3861, 3861, 3861, 3861, 
3861, 3861, 3861, 3861, 3861, 3861, 3861, 3861, 3861, 3861, 3861, 3861, 3861, 3861, 3861, 3861, 
3861, 3861, 3861, 3861, 3861, 3861, 3861, 3861, 3861, 3861, 3861, 3861, 3861, 3861, 3861, 3861, 
3861, 3861, 3861, 3861, 3861, 3861, 0, 3861, 0, 3861, 0, 3861, 0, 3861, 3861, 3861, 
3861, 3861, 3861, 3861, 1, 3861, 0, 3861, 3861, 3861, 3861, 3861, 3861, 3861, 3861, 3861, 
3861, 3861, 3861, 3861 },
{ 3861, 3861, 3861, 3861, 3861, 3861, 3861, 3861, 3861, 3861, 3861, 3861, 3861, 3861, 3861, 3861, 
3861, 3861, 3861, 3861, 3861, 3861, 3861, 3861, 3861, 3861, 3861, 3861, 3861, 3861, 3861, 3861, 
3861, 3861, 3861, 3861, 3861, 3861, 3861, 3861, 3861, 3861, 3861, 3861, 1, 3861, 3861, 3861, 
3861, 3861, 3861, 3861, 0, 0, 0, 0, 3861, -513, 0, 0, 3861, 0, 0, 0, 
3861, 3861, 3861, 0, 0, 0, -328, 0, 0, -1995, -1704, 0, -1631, -1312, -1546, 0, 
3861, 3861, 0, 3861, 0, 3861, 3861, 3861, 0, 3861, 3861, 3861, -1, -1, -1, -1, 
0, 3861, 0, 3861 },
{ 0, 3861, 3861, 3861, 0, 0, 0, 0, -1356, 0, 0, 0, 0, 3861, -757, -243, 
-747, 0, 0, 3861, 0, 0, -267, -17, 0, 0, 3861, -1921, -649, 0, -645, 0, 
-647, 0, -648, 0, -646, 0, 3861, 3861, 3861, 3861, 3861, 3861, 3861, 3861, 3861, 3861, 
3861, 3861, 3861, 3861, 3861, 3861, 3861, 3861, 3861, 3861, 3861, 3861, 3861, 3861, 3861, 3861, 
3861, 3861, 3861, 3861, 3861, 3861, 3861, 3861, 3861, 3861, 3861, 3861, 3861, 3861, 3861, 3861, 
3861, 3861, 3861, 3861, 3861, 3861, 3861, 3861, 3861, 3861, 3861, 3861, 0, 0, 0, -2049, 
3861, 3861, 3861, 3861 },
{ 3861, 3861, 3861, 3861, 3861, 3861, 3861, 3861, 3861, 3861, 3861, 3861, 3861, 3861, 3861, 3861, 
3861, 3861, 3861, 3861, 3861, 3861, 3861, 3861, 3861, 3861, 3861, 3861, 3861, 3861, 3861, 3861, 
3861, 3861, 3861, 3861, 3861, 3861, 3861, 3861, 3861, 3861, 3861, 3861, 3861, 3861, 3861, 3861, 
3861, 3861, 3861, 3861, 3861, 3861, 3861, 3861, 3861, 3861, 3861, 3861, 0, 0, 0, -1921, 
3861, 3861, 3861, 3861, 3861, 3861, 3861, 3861, 3861, 3861, 3861, 3861, 3861, 3861, 3861, 3861, 
3861, 3861, 3861, 3861, 3861, 3861, 3861, 3861, 3861, 3861, 3861, 3861, 3861, 3861, 3861, 3861, 
3861, 3861, 3861, 3861 },
{ 3861, 3861, 3861, 3861, 3861, 3861, 3861, 3861, 3861, 3861, 3861, 3861, 3861, 3861, 3861, 3861, 
3861, 3861, 3861, 3861, 3861, 3861, 3861, 3861, 3861, 3861, 3861, 3861, 0, 0, 0, -2049, 
3861, 3861, 3861, 3861, 3861, 3861, 3861, 3861, 3861, 3861, 3861, 3861, 3861, 3861, 3861, 3861, 
3861, 3861, 3861, 3861, 3861, 3861, 3861, 3861, 3861, 3861, 3861, 3861, 3861, 3861, 3861, 3861, 
3861, 3861, 3861, 3861, 3861, 3861, 3861, 3861, 3861, 3861, 3861, 3861, 3861, 3861, 3861, 3861, 
3861, 3861, 3861, 3861, 3861, 3861, 3861, 3861, 3861, 3861, 3861, 3861, 3861, 3861, 3861, 3861, 
0, 0, 0, -1921 },
{ -1680, 0, -1, -1, 0, 0, 3861, 3861, 3861, 3861, 3861, 3861, 3861, 3861, 3861, 3861, 
3861, 3861, 3861, 3861, 0, 0, 0, 3861, 0, 3861, 0, 0, 3861, 3861, 3861, 3861, 
3861, 3861, 3861, 3861, 3861, 3861, 0, 0, 3861, 3861, 3861, 3861, 3861, 3861, 3861, 3861, 
3861, 3861, 0, 3861, 3861, 3861, 3861, 3861, 3861, 3861, 0, 3861, 1, 3861, 3861, 3861, 
0, 0, 0, -2049, 3861, 3861, 3861, 3861, 3861, 3861, 3861, 3861, 3861, 3861, 3861, 3861, 
3861, 3861, 3861, 3861, 3861, 3861, 3861, 3861, 3861, 3861, 3861, 3861, 0, 3861, 0, 0, 
3861, 3861, 3861, 3861 },
{ 3861, 3861, 3861, 3861, 3861, 3861, 0, 0, 3861, 3861, 3861, 3861, 3861, 3861, 3861, 3861, 
3861, 3861, 0, 3861, 3861, 3861, 3861, 3861, 3861, 3861, 0, 3861, 1, 3861, 3861, 3861, 
0, 0, 0, -1921, 0, 0, 3861, 3861, 3861, 3861, 0, 0, 0, 0, 3861, 3861, 
3861, 3861, 0, 3861, 0, 3861, 0, 3861, 0, 3861, 0, 3861, 0, 3861, 0, 3861, 
3861, 3861, 3861, 3861, 3861, 3861, 3861, 3861, 3861, 3861, 3861, 3861, 3861, 3861, 3861, 3861, 
3861, 3861, 3861, 3861, 0, 0, 0, 0, 3861, 3861, 3861, 3861, 0, 0, 3861, 3861, 
1, 3861, 0, 0 },
{ 0, 0, 0, -2049, 0, 0, 3861, 3861, 0, -1025, 3861, 3861, 0, 0, 0, 0, 
3861, 3861, 3861, 3861, 3861, 3861, 3861, 3861, 3861, 3861, 3861, 3861, 3861, 3861, 3861, 3861, 
0, 3861, 3861, 3861, 3861, 3861, 3861, 3861, 0, 3861, 3861, 3861, 3861, 3861, -1, 0, 
3861, 3861, 3861, 3861, 3861, 3861, 0, 3861, 0, 3861, 3861, 3861, 3861, 3861, 0, 0, 
0, 0, 0, 0, 0, 0, 0, -1921, -606, 0, -605, 0, -604, 0, -603, 0, 
-602, 0, -599, 0, -601, 0, -596, 0, -595, 0, -594, 0, 3861, 3861, 3861, 3861, 
3861, 3861, 3861, 3861 },
{ 3861, 3861, 3861, 3861, 3861, 3861, 3861, 3861, 3861, 3861, 3861, 3861, 3861, 3861, 3861, 3861, 
3861, 3861, 3861, 3861, 3861, 3861, 3861, 3861, 3861, 3861, 3861, 3861, 3861, 3861, 3861, 3861, 
3861, 3861, 3861, 3861, 0, 0, 0, -1921, 0, 0, 0, 0, 0, 0, 0, 0, 
0, 0, 0, 0, 0, 0, 0, 0, 0, 0, 0, 0, 0, 0, 3861, 3861, 
3861, 3861, 3861, 3861, 3861, 3861, 3861, 3861, 3861, 3861, 3861, 3861, 3861, 3861, 3861, 3861, 
3861, 3861, 3861, 3861, 3861, 3861, 3861, 3861, 3861, 3861, 3861, 3861, 3861, 3861, 3861, 3861, 
3861, 3861, 3861, 3861 },
{ 3861, 3861, 3861, 3861, 0, 0, 0, -1921, 0, 0, 0, 0, 0, 0, 0, 0, 
0, 0, 0, 0, 0, 0, 0, 0, 3861, 3861, 3861, 3861, 3861, 3861, 3861, 3861, 
3861, 3861, 3861, 3861, 3861, 3861, 3861, 3861, 3861, 3861, 3861, 3861, 3861, 3861, 3861, 3861, 
3861, 3861, 3861, 3861, 3861, 3861, 3861, 3861, 3861, 3861, 3861, 3861, 3861, 3861, 3861, 3861, 
3861, 3861, 3861, 3861, 3861, 3861, 3861, 3861, 0, 0, 0, -1857, 0, 0, 0, 3861, 
0, 3861, -1831, 0, 0, 0, 0, 3861, 3861, 3861, 0, 3861, 0, 3861, 0, 3861, 
0, 3861, 0, 3861 },
{ 0, 3861, 0, 3861, 3861, 3861, 3861, 3861, 3861, 3861, 3861, 3861, 3861, 3861, 3861, 3861, 
3861, 3861, 3861, 3861, 3861, 3861, 3861, 3861, 0, 0, 0, 3861, 0, 3861, 0, 0, 
0, 3861, 0, 3861, 3861, 3861, 0, 3861, 0, 0, 0, -2049, 0, 0, 3861, 3861, 
0, -1025, 3861, 3861, 0, 0, 0, 0, 3861, 3861, 3861, 3861, 3861, 3861, 3861, 3861, 
3861, 3861, 3861, 3861, 3861, 3861, 3861, 3861, 0, 3861, 3861, 3861, 3861, 3861, 3861, 3861, 
0, 3861, 3861, 3861, 3861, 3861, -1, 0, 3861, 3861, 3861, 3861, 3861, 3861, 0, 3861, 
0, 3861, 3861, 3861 },
{ 3861, 3861, 0, 0, 0, 0, 0, 0, 0, 0, 0, -1921, -555, 0, -554, 0, 
-556, 0, -553, 0, -552, 0, -549, 0, -551, 0, 3861, 3861, 3861, 3861, 3861, 3861, 
0, 0, 0, 3861, 0, 3861, 0, 0, 3861, 3861, 3861, 3861, 3861, 3861, 3861, 3861, 
3861, 3861, 0, 0, 3861, 3861, 3861, 3861, 3861, 3861, 3861, 3861, 3861, 3861, 0, 3861, 
3861, 3861, 3861, 3861, 3861, 3861, 0, 3861, 1, 3861, 3861, 3861, 0, 0, 0, -1921, 
0, 0, 0, 0, 0, 0, 0, 0, 0, 0, 0, 0, 3861, 3861, 3861, 3861, 
3861, 3861, 3861, 3861 },
{ 3861, 3861, 3861, 3861, 3861, 3861, 3861, 3861, 3861, 3861, 3861, 3861, 3861, 3861, 3861, 3861, 
3861, 3861, 3861, 3861, 3861, 3861, 3861, 3861, 3861, 3861, 3861, 3861, 3861, 3861, 3861, 3861, 
3861, 3861, 3861, 3861, 3861, 3861, 3861, 3861, 3861, 3861, 3861, 3861, 0, 0, 0, -1921, 
0, 0, 0, 0, 0, 0, 3861, 3861, 3861, 3861, 3861, 3861, 3861, 3861, 3861, 3861, 
3861, 3861, 3861, 3861, 3861, 3861, 3861, 3861, 3861, 3861, 3861, 3861, 3861, 3861, 3861, 3861, 
3861, 3861, 3861, 3861, 3861, 3861, 3861, 3861, 3861, 3861, 3861, 3861, 3861, 3861, 3861, 3861, 
3861, 3861, 3861, 3861 },
{ 3861, 3861, 3861, 3861, 3861, 3861, 3861, 3861, 3861, 3861, 3861, 3861, 0, 0, 0, -2049, 
0, 0, 3861, 3861, 0, -1025, 3861, 3861, 0, 0, 0, 0, 3861, 3861, 0, 3861, 
3861, 3861, 3861, 3861, 3861, 3861, 3861, 3861, 3861, 3861, 3861, 3861, 0, 3861, 3861, 3861, 
3861, 3861, 3861, 3861, 0, 3861, 3861, 3861, 3861, 3861, -1, 0, 3861, 3861, 3861, 3861, 
3861, 3861, 0, 3861, 0, 3861, 3861, 3861, 3861, 3861, 0, 0, 0, 0, 0, 0, 
0, 0, 0, -2049, 0, 0, 3861, 3861, 0, -1025, 3861, 3861, 0, 0, 0, 0, 
3861, 3861, 3861, 3861 },
{ 3861, 3861, 3861, 3861, 3861, 3861, 3861, 3861, 3861, 3861, 3861, 3861, 0, 3861, 3861, 3861, 
3861, 3861, 3861, 3861, 0, 3861, 3861, 3861, 3861, 3861, -1, 0, 3861, 3861, 3861, 3861, 
3861, 3861, 0, 3861, 0, 3861, 3861, 3861, 3861, 3861, 0, 0, 0, 0, 0, 0, 
0, 0, 0, -1921, 0, 0, 0, 0, 0, 0, 0, 0, 0, 0, 0, 0, 
0, 0, 0, 0, 0, 0, 0, 0, 0, 0, 0, 0, 0, 0, 0, 0, 
0, 0, 0, 0, 3861, 3861, 3861, 3861, 3861, 3861, 3861, 3861, 3861, 3861, 3861, 3861, 
3861, 3861, 3861, 3861 },
{ 3861, 3861, 3861, 3861, 3861, 3861, 3861, 3861, 3861, 3861, 3861, 3861, 3861, 3861, 3861, 3861, 
0, 0, 0, -1921, -1621, 0, -1620, 0, -1624, 0, -1626, 0, -1618, 0, -1619, 0, 
-1615, 0, -1614, 0, -1613, 0, 3861, 3861, 3861, 3861, 3861, 3861, 3861, 3861, 3861, 3861, 
3861, 3861, 3861, 3861, 3861, 3861, 3861, 3861, 3861, 3861, 3861, 3861, 3861, 3861, 3861, 3861, 
3861, 3861, 3861, 3861, 3861, 3861, 3861, 3861, 3861, 3861, 3861, 3861, 3861, 3861, 3861, 3861, 
3861, 3861, 3861, 3861, 0, 0, 0, -1921, 0, 0, 0, 0, 0, 0, 0, 0, 
0, 0, 0, 0 },
{ 0, 0, 0, 0, 0, 0, 0, 0, 0, 0, 0, 0, 0, 0, 0, 0, 
0, 0, 0, 0, 3861, 3861, 3861, 3861, 3861, 3861, 3861, 3861, 3861, 3861, 3861, 3861, 
3861, 3861, 3861, 3861, 3861, 3861, 3861, 3861, 3861, 3861, 3861, 3861, 3861, 3861, 3861, 3861, 
3861, 3861, 3861, 3861, 0, 0, 0, -1921, 3861, 3861, -1467, 0, -1463, 0, -1462, 0, 
-1460, 0, -1461, 0, -1459, 0, -1457, 0, -1458, 0, -1454, 0, -1455, 0, -1456, 0, 
-1451, 0, -1452, 0, -1453, 0, -1448, 0, -1449, 0, -1450, 0, -1445, 0, -1446, 0, 
-1447, 0, -1444, 0 },
{ -1442, 0, -1443, 0, -1441, 0, -1439, 0, -1440, 0, -1438, 0, -1436, 0, -1437, 0, 
-1435, 0, -1433, 0, 0, 0, 0, -1921, 0, 0, 0, 0, 0, 0, 3861, 3861, 
3861, 3861, 3861, 3861, 3861, 3861, 3861, 3861, 3861, 3861, 3861, 3861, 0, 0, 0, 3861, 
0, 3861, 0, 0, 3861, 3861, 3861, 3861, 3861, 3861, 3861, 3861, 3861, 3861, 0, 0, 
3861, 3861, 3861, 3861, 3861, 3861, 3861, 3861, 3861, 3861, 0, 3861, 3861, 3861, 3861, 3861, 
3861, 3861, 0, 3861, 1, 3861, 3861, 3861, 0, 0, 0, -1857, 0, 0, -1, -1, 
0, 0, 0, 0 },
{ 0, 0, 3861, 3861, 3861, 3861, 0, 3861, 0, 3861, 0, 3861, 0, 3861, 0, 3861, 
0, 3861, 0, 3861, 3861, 3861, 3861, 3861, 3861, 3861, 3861, 3861, 3861, 3861, 3861, 3861, 
3861, 3861, 3861, 3861, 3861, 3861, 3861, 3861, 0, 0, 0, 3861, 3861, 3861, 0, 0, 
3861, 3861, 0, 3861, 0, 3861, 0, 3861, 0, 0, 0, -2049, 3861, 3861, 3861, 3861, 
3861, 3861, 3861, 3861, 3861, 3861, 3861, 3861, 3861, 3861, 3861, 3861, 3861, 3861, 3861, 3861, 
3861, 3861, 3861, 3861, 3861, 3861, 3861, 3861, 3861, 3861, 3861, 3861, 3861, 3861, 3861, 3861, 
3861, 3861, 3861, 3861 },
{ 3861, 3861, 3861, 3861, 3861, 3861, 3861, 3861, 3861, 3861, 3861, 3861, 3861, 3861, 3861, 3861, 
3861, 3861, 3861, 3861, 3861, 3861, 3861, 3861, 0, 0, 0, -1921, 0, 0, 0, 0, 
0, 0, 0, 0, 0, 0, 0, 0, 0, 0, 0, 0, 0, 0, 0, 0, 
0, 0, 0, 0, 0, 0, 0, 0, 0, 0, 0, 0, 0, 0, 0, 0, 
0, 0, 3861, 3861, 3861, 3861, 3861, 3861, 3861, 3861, 3861, 3861, 3861, 3861, 3861, 3861, 
3861, 3861, 3861, 3861, 3861, 3861, 3861, 3861, 3861, 3861, 3861, 3861, 0, 0, 0, -1921, 
0, 0, 0, 0 },
{ 0, 0, 0, 0, 0, 0, 0, 0, 0, 0, 0, 0, 3861, 3861, 3861, 3861, 
3861, 3861, 3861, 3861, 3861, 3861, 3861, 3861, 3861, 3861, 3861, 3861, 3861, 3861, 3861, 3861, 
3861, 3861, 3861, 3861, 3861, 3861, 3861, 3861, 3861, 3861, 3861, 3861, 3861, 3861, 3861, 3861, 
3861, 3861, 3861, 3861, 3861, 3861, 3861, 3861, 3861, 3861, 3861, 3861, 0, 0, 0, -1921, 
-247, 0, -248, 0, -244, 0, -243, 0, -245, 0, -246, 0, -242, 0, -241, 0, 
-240, 0, -239, 0, 3861, 3861, 3861, 3861, 3861, 3861, 3861, 3861, 3861, 3861, 3861, 3861, 
3861, 3861, 3861, 3861 },
{ 3861, 3861, 3861, 3861, 3861, 3861, 3861, 3861, 3861, 3861, 3861, 3861, 3861, 3861, 3861, 3861, 
3861, 3861, 3861, 3861, 3861, 3861, 3861, 3861, 3861, 3861, 3861, 3861, 0, 0, 0, -1921, 
-250, 0, -249, 0, -248, 0, -247, 0, -244, 0, -246, 0, -826, 0, -1736, 0, 
3861, 3861, 3861, 3861, 3861, 3861, 3861, 3861, 3861, 3861, 3861, 3861, 3861, 3861, 3861, 3861, 
3861, 3861, 3861, 3861, 3861, 3861, 3861, 3861, 3861, 3861, 3861, 3861, 3861, 3861, 3861, 3861, 
3861, 3861, 3861, 3861, 3861, 3861, 3861, 3861, 3861, 3861, 3861, 3861, 3861, 3861, 3861, 3861, 
3861, 3861, 3861, 3861 },
{ 3861, 3861, 3861, 3861, 3861, 3861, 3861, 3861, 3861, 3861, 3861, 3861, 3861, 3861, 3861, 3861, 
3861, 3861, 3861, 3861, 3861, 3861, 3861, 3861, 3861, 3861, 3861, 3861, 3861, 3861, 3861, 3861, 
3861, 3861, 3861, 3861, 3861, 3861, 3861, 3861, 3861, 3861, 3861, 3861, 3861, 3861, 3861, 3861, 
3861, 3861, 3861, 3861, 3861, 3861, 3861, 3861, 0, 0, 0, 0, 0, 3861, 0, 3861, 
0, 3861, 0, 0, 0, 1, 0, 1, 0, 0, 0, 3861, 0, 3861, 0, 3861, 
0, 3861, 0, 3861, 0, 3861, 0, 3861, 0, 3861, -892, 0, 0, 3861, 3861, 3861, 
3861, 3861, 0, -473 },
{ 0, 3861, 3861, 3861, 0, 0, 0, 0, 3861, 3861, -58, 0, -59, 0, -1028, 0, 
0, 3861, 0, 0, -321, 0, 0, 0, 3861, 3861, -44, 0, 0, 0, 0, 3861, 
0, -1320, 0, 3861, 0, 3861, 0, 0, 0, 0, 0, 1, 0, 0, 0, 3861, 
0, 3861, 0, 3861, 0, 3861, 0, 3861, 0, 3861, 0, 3861, 0, 3861, -892, 0, 
0, 3861, 3861, 3861, 3861, 3861, 0, -473, 0, 3861, 1, 3861, 0, 0, 0, 0, 
3861, 3861, -58, 0, -59, 0, -1028, 0, 0, 3861, 0, 0, -58, 0, 0, 0, 
3861, 3861, 0, 0 },
{ 3861, 3861, 0, 3861, 0, -1320, 3861, 3861, 0, 0, 0, 1, -1762, 0, 0, 0, 
3861, 3861, 3861, 3861, 3861, 3861, 3861, 3861, 3861, 3861, 0, 3861, 3861, 3861, -983, 3861, 
-983, 3861, 3861, 3861, 3861, 3861, 3861, 3861, 3861, 3861, 3861, 3861, 0, 0, 0, 0, 
0, 0, 0, 3861, 3861, 3861, 3861, 3861, 0, 0, 0, 3861, 3861, 3861, 3861, 3861, 
3861, 3861, 0, 3861, 0, 3861, 3861, 3861, 3861, 3861, 3861, 3861, 3861, 3861, 3861, 3861, 
3861, 3861, 3861, 3861, 3861, 3861, 0, 3861, 0, 0, 0, 0, 0, 3861, 0, 3861, 
0, 3861, 0, 3861 },
{ 0, 3861, 0, 3861, 0, 3861, 0, 3861, 0, 3861, 0, 3861, 0, 3861, 0, 3861, 
0, 3861, 0, 3861, 0, 3861, 0, 3861, 0, 3861, 0, 3861, 0, 3861, 0, 3861, 
0, 3861, 0, 0, 0, 0, -1049, 0, 0, 0, 0, 3861, 0, 3861, 0, 3861, 
0, 3861, 3861, 3861, 3861, 3861, 3861, 3861, 3861, 3861, 3861, 0, 0, 3861, 3861, 3861, 
3861, 3861, 3861, 3861, 0, 3861, 3861, 3861, -1, 0, -1219, 0, 3861, 0, -820, 0, 
-820, 0, -760, 0, 0, 3861, 3861, 3861, 3861, 0, 0, 3861, 0, 3861, 0, 3861, 
0, 3861, -934, 0 },
{ -1606, 0, -820, 0, 0, 3861, 3861, 3861, 0, 3861, 3861, 0, 3861, 3861, 0, 3861, 
3861, 3861, 0, 3861, 0, 3861, 0, 3861, 0, 3861, 0, 3861, 0, 3861, 0, 3861, 
0, 3861, 0, 3861, 0, 3861, 0, 3861, 0, 3861, 0, 3861, 0, 3861, 0, 3861, 
0, 3861, 0, 0, 0, 0, -1049, 0, 0, 0, 3861, 3861, 3861, 3861, 3861, 3861, 
3861, 3861, 3861, 0, 0, 3861, 3861, 3861, 3861, 3861, 3861, 3861, 0, 3861, 3861, 3861, 
-1, 0, -1219, 0, 3861, 0, -820, 0, 3861, 0, -760, 0, 0, 3861, 0, 3861, 
3861, 0, 0, 3861 },
{ 0, 3861, 0, 3861, 0, 3861, -934, 0, -1606, 0, -820, 0, 0, 3861, 3861, 3861, 
0, 3861, 3861, 0, 3861, 3861, 0, 3861, 3861, 3861, 3861, 3861, 0, -351, 0, 1, 
-800, 0, 0, 0, 0, 3861, 0, 3861, 0, 3861, 0, 0, 3861, 3861, 3861, 3861, 
-450, 0, 3861, 3861, 0, 3861, 0, 3861, 0, 0, 3861, 3861, 0, 3861, 3861, 3861, 
1, 0, 0, 3861, 0, 3861, 3861, 3861, 0, 3861, 0, 3861, 0, 3861, 0, 3861, 
-488, 0, 0, 3861, 3861, 3861, 3861, 3861, 0, 0, 0, 3861, 0, 3861, 3861, 3861, 
0, 3861, 3861, 3861 },
{ 0, 3861, 3861, 3861, 3861, 3861, 0, 3861, -1472, -553, 0, 3861, 0, 0, 0, 3861, 
0, 0, 0, 3861, 3861, 3861, 3861, 3861, 3861, 3861, 3861, 3861, 0, 3861, 0, 3861, 
3861, 3861, 3861, 3861, 0, 0, 0, 3861, 3861, 3861, 3861, 3861, 0, 0, 0, 3861, 
-910, -553, 0, 3861, 0, 0, 0, 3861, 3861, 3861, 3861, 3861, 3861, 3861, 3861, 3861, 
3861, 3861, 3861, 3861, -2006, 0, 0, 3861, -1395, 0, 0, 3861, 0, -248, 0, 3861, 
-444, 0, 0, 3861, -482, 0, 0, 3861, 3861, 3861, 3861, 3861, 3861, 3861, 3861, 3861, 
0, 0, 0, 3861 },
{ -465, 0, 0, 3861, 0, 0, 0, 3861, 3861, 3861, 3861, 3861, 3861, 3861, 3861, 3861, 
-480, 0, 0, 3861, -250, -553, 0, 3861, -2003, 0, 0, 3861, 3861, 3861, 3861, 3861, 
0, 0, 0, 3861, 0, 3861, 3861, 3861, 3861, 3861, 0, 3861, 3861, 3861, 0, 3861, 
3861, 3861, 3861, 3861, -1, -1, 0, 3861, 3861, 3861, 3861, 3861, -1, -1, 3861, 3861, 
3861, 3861, 0, 3861, 3861, 3861, 0, 3861, 3861, 3861, 0, 3861, -487, 0, 0, 3861, 
-17, -1, -1, -1, -447, 0, 0, 3861, -1, -1, -1, -1, -444, 0, 0, 3861, 
-26, 0, 0, 3861 },
{ 0, -553, 0, 3861, -26, 0, 0, 3861, 0, 0, 0, 3861, -26, 0, 0, 3861, 
0, 0, 0, 3861, 0, 0, 0, 3861, 0, 0, 0, 3861, 3861, 3861, 3861, 3861, 
3861, 3861, 3861, 3861, 3861, 3861, 3861, 3861, 3861, 3861, 3861, 3861, 0, 0, 0, 3861, 
0, 3861, 3861, 3861, 0, 3861, 0, 0, 0, 3861, 3861, 3861, 0, 0, 0, 3861, 
0, 3861, 3861, 3861, 0, 3861, 0, 0, 0, 3861, 0, 3861, 0, 3861, 1, 0, 
0, 3861, 3861, 3861, 3861, 3861, 0, 0, 0, 0, -1303, 0, 0, 0, 0, 3861, 
3861, 3861, 0, 3861 },
{ 0, 3861, 0, 3861, -608, 0, 0, 3861, -593, 0, 3861, 3861, 3861, 3861, 3861, 3861, 
0, 0, 0, 3861, 0, 3861, 3861, 3861, 0, 3861, 0, 0, 0, 3861, 0, 3861, 
0, 3861, 1, 0, 0, 3861, 3861, 3861, 3861, 3861, 0, 0, 0, 0, -1303, 0, 
0, 0, 0, 3861, 3861, 3861, 0, 3861, 0, 3861, 0, 3861, 0, 0, 3861, 3861, 
0, 0, 0, 3861, 0, 3861, 3861, 3861, 0, 3861, 0, 0, 0, 3861, 0, 3861, 
0, 3861, 0, 3861, 0, 3861, 3861, 3861, 0, 0, 0, 1, 0, 0, -59, 0, 
0, 3861, 0, 3861 },
{ -608, 0, 0, 3861, -593, 0, 3861, 3861, 3861, 3861, 3861, 3861, 0, 0, 0, 3861, 
0, 3861, 3861, 3861, 0, 3861, 0, 0, 0, 3861, 0, 3861, 0, 3861, 1, 0, 
0, 3861, 3861, 3861, 3861, 3861, 0, 0, 0, 0, -1303, 0, 0, 0, 0, 3861, 
3861, 3861, 0, 3861, 0, 3861, 0, 3861, 0, 0, 3861, 3861, 0, 0, 0, 3861, 
0, 3861, 3861, 3861, 0, 3861, 0, 0, 0, 3861, 0, 3861, 0, 3861, 0, 3861, 
0, 3861, 3861, 3861, 0, 0, 0, 1, 0, 0, -59, 0, -1366, 0, -1366, 0, 
3861, 0, 3861, 3861 },
{ 3861, 0, 3861, 0, 3861, 0, 3861, 3861, -1366, 0, -1366, 0, 3861, 0, 3861, 0, 
-1366, 0, -1366, 0, 3861, 0, 3861, 3861, 3861, 0, 3861, 0, 3861, 0, 3861, 3861, 
-1366, 0, -1366, 0, 3861, 0, 3861, 0, -1366, 0, -1366, 0, 3861, 0, 3861, 3861, 
3861, 0, 3861, 0, 3861, 0, 3861, 3861, -1366, 0, -1366, 0, 3861, 0, 3861, 0, 
-1366, 0, -1366, 0, 3861, 0, 3861, 3861, 3861, 0, 3861, 0, 3861, 0, 3861, 3861, 
-1366, 0, -1366, 0, 3861, 0, 3861, 0, -1366, 0, -1366, 0, 3861, 0, 3861, 3861, 
3861, 0, 3861, 0 },
{ 3861, 0, 3861, 3861, -1366, 0, -1366, 0, 3861, 0, 3861, 0, -1366, 0, -1366, 0, 
3861, 0, 3861, 3861, 3861, 0, 3861, 0, 3861, 0, 3861, 3861, -1366, 0, -1366, 0, 
3861, 0, 3861, 0, -1366, 0, -1366, 0, 3861, 0, 3861, 3861, 3861, 0, 3861, 0, 
3861, 0, 3861, 3861, -1366, 0, -1366, 0, 3861, 0, 3861, 0, -1366, 0, -1366, 0, 
3861, 0, 3861, 3861, 3861, 0, 3861, 0, 3861, 0, 3861, 3861, -1366, 0, -1366, 0, 
3861, 0, 3861, 0, -1366, 0, -1366, 0, 3861, 0, 3861, 3861, 3861, 0, 3861, 0, 
3861, 0, 3861, 3861 },
{ -1366, 0, -1366, 0, 3861, 0, 3861, 0, -1366, 0, -1366, 0, 3861, 0, 3861, 3861, 
3861, 0, 3861, 0, 3861, 0, 3861, 3861, -1366, 0, -1366, 0, 3861, 0, 3861, 0, 
-1366, 0, -1366, 0, 3861, 0, 3861, 3861, 0, 0, 0, 3861, 0, 0, 0, 3861, 
0, -553, 0, 3861, -1722, 0, 0, 3861, 3861, 3861, 3861, 3861, 0, 0, 0, 3861, 
0, 0, 0, 1, -576, 0, -1351, 0, 0, 3861, 0, 3861, 0, 3861, 1, 3861, 
0, 3861, 0, 3861, 0, 0, 0, 1, -585, 0, -1240, 0, -569, -21, 0, 0, 
0, 0, -1545, -1585 },
{ -609, -1, -1, 0, 0, 0, 0, 1, 0, 0, -366, 0, 3861, 3861, 3861, 3861, 
0, 0, 0, 0, -1354, 0, 0, 0, 0, 3861, -757, -243, -64, 0, 0, 3861, 
0, 0, -5, -1, 0, 0, 0, -1857, 0, 0, 0, 0, 0, 0, 0, -1921, 
0, 0, -456, 0, 0, 0, 0, -1857, 0, 0, 0, 3861, 0, 0, 0, -2049, 
0, 0, 3861, 3861, 0, 0, 0, -1857, 0, 0, -256, -1110, 0, 0, 0, -1857, 
0, 0, 0, 3861, 0, 0, 0, -2049, -602, 0, 3861, 3861, 0, 0, 0, -1857, 
0, 0, 0, 0 }
};

const unsigned short daymode_cmap[256] = {
0x0000, 0x57A0, 0x0008, 0x0000, 0x0000, 0x0000, 0x0000, 0x0000,
0x2400, 0x0205, 0x7800, 0x1984, 0x0010, 0x4FE0, 0x7C51, 0x000F,
0x26D6, 0x0206, 0x3C00, 0x245C, 0x000E, 0x64C0, 0x5190, 0x637A,
0x01F6, 0x0206, 0x3000, 0x19EA, 0x0010, 0x0940, 0x7F6F, 0x000F,
0x564D, 0x3FE1, 0x0000, 0x0000, 0x0000, 0x0000, 0x0008, 0x0008,
0x0006, 0x0000, 0x1000, 0x0000, 0x0400, 0x0000, 0x0000, 0x0000,
0x0000, 0x0000, 0x0000, 0x0000, 0x0000, 0x0020, 0x3420, 0x0003,
0x22C3, 0x55C0, 0x0016, 0x0000, 0x0000, 0x0000, 0x0000, 0x0000,
0x0000, 0x0000, 0x0000, 0x0000, 0x21D8, 0x0000, 0x0400, 0x0000,
0x0000, 0x0000, 0x1C00, 0x0CF7, 0x4957, 0x01CC, 0x31C0, 0x0403,
0x480F, 0x0800, 0x1400, 0x0004, 0x0077, 0x2A80, 0x1400, 0x0012,
0x0000, 0x0000, 0x3C00, 0x0119, 0x0000, 0x0000, 0x0000, 0x0000,
0x0000, 0x0000, 0x2800, 0x0000, 0x0000, 0x0000, 0x0008, 0x0008,
0x0005, 0x0000, 0x0000, 0x0000, 0x0010, 0x0180, 0x4000, 0x0000,
0x0B92, 0x02C9, 0x0000, 0x0000, 0x0000, 0x0000, 0x0008, 0x0008,
0x014C, 0x0000, 0x0000, 0x0000, 0x0000, 0x0040, 0x0000, 0x0000,
0x0000, 0x0200, 0x0000, 0x6E14, 0x01FF, 0x3880, 0x40D5, 0x0000,
0x224A, 0x0206, 0x0000, 0x0000, 0x0000, 0x0000, 0x0000, 0x0000,
0x0000, 0x0200, 0x0000, 0x0000, 0x0000, 0x01C0, 0x40CF, 0x0000,
0x0000, 0x0000, 0x2800, 0x1912, 0x0010, 0x60A0, 0x7F70, 0x000F,
0x55C4, 0x0206, 0x0000, 0x0000, 0x0000, 0x0000, 0x0000, 0x0000,
0x0000, 0x0000, 0x5400, 0x19F0, 0x0010, 0x5360, 0x40C0, 0x0000,
0x4499, 0x0A3E, 0x2800, 0x245C, 0x0016, 0x73C0, 0x5922, 0x0000,
0x0000, 0x0000, 0x0000, 0x0000, 0x0000, 0x3880, 0x40D5, 0x0000,
0x0B80, 0x02C9, 0x1C00, 0x1AAE, 0x0010, 0x0000, 0x0000, 0x0000,
0x0000, 0x0000, 0x0800, 0x245C, 0x0016, 0x7980, 0x7F6F, 0x000F,
0x3E1B, 0x0206, 0x0000, 0x0000, 0x0000, 0x38E0, 0x40D5, 0x0000,
0x0000, 0x0000, 0x0000, 0x0000, 0x0010, 0x0000, 0x4000, 0x0000,
0x0000, 0x0000, 0x7C00, 0x7FFF, 0x01FF, 0x0000, 0x0000, 0x0000,
0x7FFF, 0x001F, 0x0000, 0x0000, 0x0010, 0x0000, 0x7C00, 0x000F,
0x0000, 0x0200, 0x5000, 0x245C, 0x0016, 0x7C00, 0x7FFF, 0x7FFF,
0x0B84, 0x02C9, 0x7C00, 0x7FFF, 0x7FFF, 0x715F, 0x5922, 0x7FFF
};

